# Created by Octave 4.2.1, Sat Sep 02 16:45:43 2017 GMT <unknown@unknown>
# name: Rects
# type: matrix
# rows: 24
# columns: 6
 -1 1 1 0 0 0
 -1 1 0 1 0 0
 -1 1 0 0 1 0
 3 1 -3 0 0 1
 -1 1 1 0 0 0
 -1 1 0 1 0 0
 -1 1 0 0 1 0
 3 1 0 0 0 1
 -1 1 1 0 0 0
 -1 1 0 1 0 0
 -1 1 0 0 1 0
 3 1 3 0 0 1
 -1 1 1 0 0 0
 -1 1 0 1 0 0
 -1 1 0 0 1 0
 3 1 -3 0 -3 1
 -1 1 1 0 0 0
 -1 1 0 1 0 0
 -1 1 0 0 1 0
 3 1 0 0 -3 1
 -1 1 1 0 0 0
 -1 1 0 1 0 0
 -1 1 0 0 1 0
 3 1 3 0 -3 1


